0 31
31 59
59 90
90 120
120 151
151 181
181 212
212 243
243 273
273 304
304 334
334 365
365 396
396 424
424 455
455 485
485 516
516 546
546 577
577 608
608 638
638 669
669 699
699 730
730 761
761 789
789 820
820 850
850 881
881 911
911 942
942 973
973 1003
1003 1034
1034 1064
1064 1095
1095 1126
1126 1155
1155 1186
1186 1216
1216 1247
1247 1277
1277 1308
1308 1339
1339 1369
1369 1400
1400 1430
1430 1461
1461 1492
1492 1520
1520 1551
1551 1581
1581 1612
1612 1642
1642 1673
1673 1704
1704 1734
1734 1765
1765 1795
1795 1826
1826 1857
1857 1885
1885 1916
1916 1946
1946 1977
1977 2007
2007 2038
2038 2069
2069 2099
2099 2130
2130 2160
2160 2191
2191 2222
2222 2250
2250 2281
2281 2311
2311 2342
2342 2372
2372 2403
2403 2434
2434 2464
2464 2495
2495 2525
2525 2556
2556 2587
2587 2616
2616 2647
2647 2677
2677 2708
2708 2738
2738 2769
2769 2800
2800 2830
2830 2861
2861 2891
2891 2922
2922 2953
2953 2981
2981 3012
3012 3042
3042 3073
3073 3103
3103 3134
3134 3165
3165 3195
3195 3226
3226 3256
3256 3287
3287 3318
3318 3346
3346 3377
3377 3407
3407 3438
3438 3468
3468 3499
3499 3530
3530 3560
3560 3591
3591 3621
3621 3652
0 31
31 59
59 90
90 120
120 151
151 181
181 212
212 243
243 273
273 304
304 334
334 365
365 396
396 424
424 455
455 485
485 516
516 546
546 577
577 608
608 638
638 669
669 699
699 730
730 761
761 789
789 820
820 850
850 881
881 911
911 942
942 973
973 1003
1003 1034
1034 1064
1064 1095
1095 1126
1126 1155
1155 1186
1186 1216
1216 1247
1247 1277
1277 1308
1308 1339
1339 1369
1369 1400
1400 1430
1430 1461
1461 1492
1492 1520
1520 1551
1551 1581
1581 1612
1612 1642
1642 1673
1673 1704
1704 1734
1734 1765
1765 1795
1795 1826
1826 1857
1857 1885
1885 1916
1916 1946
1946 1977
1977 2007
2007 2038
2038 2069
2069 2099
2099 2130
2130 2160
2160 2191
2191 2222
2222 2250
2250 2281
2281 2311
2311 2342
2342 2372
2372 2403
2403 2434
2434 2464
2464 2495
2495 2525
2525 2556
2556 2587
2587 2616
2616 2647
2647 2677
2677 2708
2708 2738
2738 2769
2769 2800
2800 2830
2830 2861
2861 2891
2891 2922
2922 2953
2953 2981
2981 3012
3012 3042
3042 3073
3073 3103
3103 3134
3134 3165
3165 3195
3195 3226
3226 3256
3256 3287
3287 3318
3318 3346
3346 3377
3377 3407
3407 3438
3438 3468
3468 3499
3499 3530
3530 3560
3560 3591
3591 3621
3621 3652
0 31
31 59
59 90
90 120
120 151
151 181
181 212
212 243
243 273
273 304
304 334
334 365
365 396
396 424
424 455
455 485
485 516
516 546
546 577
577 608
608 638
638 669
669 699
699 730
730 761
761 789
789 820
820 850
850 881
881 911
911 942
942 973
973 1003
1003 1034
1034 1064
1064 1095
1095 1126
1126 1155
1155 1186
1186 1216
1216 1247
1247 1277
1277 1308
1308 1339
1339 1369
1369 1400
1400 1430
1430 1461
1461 1492
1492 1520
1520 1551
1551 1581
1581 1612
1612 1642
1642 1673
1673 1704
1704 1734
1734 1765
1765 1795
1795 1826
1826 1857
1857 1885
1885 1916
1916 1946
1946 1977
1977 2007
2007 2038
2038 2069
2069 2099
2099 2130
2130 2160
2160 2191
2191 2222
2222 2250
2250 2281
2281 2311
2311 2342
2342 2372
2372 2403
2403 2434
2434 2464
2464 2495
2495 2525
2525 2556
2556 2587
2587 2616
2616 2647
2647 2677
2677 2708
2708 2738
2738 2769
2769 2800
2800 2830
2830 2861
2861 2891
2891 2922
2922 2953
2953 2981
2981 3012
3012 3042
3042 3073
3073 3103
3103 3134
3134 3165
3165 3195
3195 3226
3226 3256
3256 3287
3287 3318
3318 3346
3346 3377
3377 3407
3407 3438
3438 3468
3468 3499
3499 3530
3530 3560
3560 3591
3591 3621
3621 3652
0 31
31 59
59 90
90 120
120 151
151 181
181 212
212 243
243 273
273 304
304 334
334 365
365 396
396 424
424 455
455 485
485 516
516 546
546 577
577 608
608 638
638 669
669 699
699 730
730 761
761 789
789 820
820 850
850 881
881 911
911 942
942 973
973 1003
1003 1034
1034 1064
1064 1095
1095 1126
1126 1155
1155 1186
1186 1216
1216 1247
1247 1277
1277 1308
1308 1339
1339 1369
1369 1400
1400 1430
1430 1461
1461 1492
1492 1520
1520 1551
1551 1581
1581 1612
1612 1642
1642 1673
1673 1704
1704 1734
1734 1765
1765 1795
1795 1826
1826 1857
1857 1885
1885 1916
1916 1946
1946 1977
1977 2007
2007 2038
2038 2069
2069 2099
2099 2130
2130 2160
2160 2191
2191 2222
2222 2250
2250 2281
2281 2311
2311 2342
2342 2372
2372 2403
2403 2434
2434 2464
2464 2495
2495 2525
2525 2556
2556 2587
2587 2616
2616 2647
2647 2677
2677 2708
2708 2738
2738 2769
2769 2800
2800 2830
2830 2861
2861 2891
2891 2922
2922 2953
2953 2981
2981 3012
3012 3042
3042 3073
3073 3103
3103 3134
3134 3165
3165 3195
3195 3226
3226 3256
3256 3287
3287 3318
3318 3346
3346 3377
3377 3407
3407 3438
3438 3468
3468 3499
3499 3530
3530 3560
3560 3591
3591 3621
3621 3652
0 62
62 118
118 180
180 240
240 302
302 362
362 424
424 486
486 546
546 608
608 668
668 730
730 792
792 848
848 910
910 970
970 1032
1032 1092
1092 1154
1154 1216
1216 1276
1276 1338
1338 1398
1398 1460
1460 1522
1522 1578
1578 1640
1640 1700
1700 1762
1762 1822
1822 1884
1884 1946
1946 2006
2006 2068
2068 2128
2128 2190
2190 2252
2252 2310
2310 2372
2372 2432
2432 2494
2494 2554
2554 2616
2616 2678
2678 2738
2738 2800
2800 2860
2860 2922
2922 2984
2984 3040
3040 3102
3102 3162
3162 3224
3224 3284
3284 3346
3346 3408
3408 3468
3468 3530
3530 3590
3590 3652
3652 3714
3714 3770
3770 3832
3832 3892
3892 3954
3954 4014
4014 4076
4076 4138
4138 4198
4198 4260
4260 4320
4320 4382
4382 4444
4444 4500
4500 4562
4562 4622
4622 4684
4684 4744
4744 4806
4806 4868
4868 4928
4928 4990
4990 5050
5050 5112
5112 5174
5174 5232
5232 5294
5294 5354
5354 5416
5416 5476
5476 5538
5538 5600
5600 5660
5660 5722
5722 5782
5782 5844
5844 5906
5906 5962
5962 6024
6024 6084
6084 6146
6146 6206
6206 6268
6268 6330
6330 6390
6390 6452
6452 6512
6512 6574
6574 6636
6636 6692
6692 6754
6754 6814
6814 6876
6876 6936
6936 6998
6998 7060
7060 7120
7120 7182
7182 7242
7242 7304
0 62
62 118
118 180
180 240
240 302
302 362
362 424
424 486
486 546
546 608
608 668
668 730
730 792
792 848
848 910
910 970
970 1032
1032 1092
1092 1154
1154 1216
1216 1276
1276 1338
1338 1398
1398 1460
1460 1522
1522 1578
1578 1640
1640 1700
1700 1762
1762 1822
1822 1884
1884 1946
1946 2006
2006 2068
2068 2128
2128 2190
2190 2252
2252 2310
2310 2372
2372 2432
2432 2494
2494 2554
2554 2616
2616 2678
2678 2738
2738 2800
2800 2860
2860 2922
2922 2984
2984 3040
3040 3102
3102 3162
3162 3224
3224 3284
3284 3346
3346 3408
3408 3468
3468 3530
3530 3590
3590 3652
3652 3714
3714 3770
3770 3832
3832 3892
3892 3954
3954 4014
4014 4076
4076 4138
4138 4198
4198 4260
4260 4320
4320 4382
4382 4444
4444 4500
4500 4562
4562 4622
4622 4684
4684 4744
4744 4806
4806 4868
4868 4928
4928 4990
4990 5050
5050 5112
5112 5174
5174 5232
5232 5294
5294 5354
5354 5416
5416 5476
5476 5538
5538 5600
5600 5660
5660 5722
5722 5782
5782 5844
5844 5906
5906 5962
5962 6024
6024 6084
6084 6146
6146 6206
6206 6268
6268 6330
6330 6390
6390 6452
6452 6512
6512 6574
6574 6636
6636 6692
6692 6754
6754 6814
6814 6876
6876 6936
6936 6998
6998 7060
7060 7120
7120 7182
7182 7242
7242 7304
0 31
31 59
59 90
90 120
120 151
151 181
181 212
212 243
243 273
273 304
304 334
334 365
365 396
396 424
424 455
455 485
485 516
516 546
546 577
577 608
608 638
638 669
669 699
699 730
730 761
761 789
789 820
820 850
850 881
881 911
911 942
942 973
973 1003
1003 1034
1034 1064
1064 1095
1095 1126
1126 1155
1155 1186
1186 1216
1216 1247
1247 1277
1277 1308
1308 1339
1339 1369
1369 1400
1400 1430
1430 1461
1461 1492
1492 1520
1520 1551
1551 1581
1581 1612
1612 1642
1642 1673
1673 1704
1704 1734
1734 1765
1765 1795
1795 1826
1826 1857
1857 1885
1885 1916
1916 1946
1946 1977
1977 2007
2007 2038
2038 2069
2069 2099
2099 2130
2130 2160
2160 2191
2191 2222
2222 2250
2250 2281
2281 2311
2311 2342
2342 2372
2372 2403
2403 2434
2434 2464
2464 2495
2495 2525
2525 2556
2556 2587
2587 2616
2616 2647
2647 2677
2677 2708
2708 2738
2738 2769
2769 2800
2800 2830
2830 2861
2861 2891
2891 2922
2922 2953
2953 2981
2981 3012
3012 3042
3042 3073
3073 3103
3103 3134
3134 3165
3165 3195
3195 3226
3226 3256
3256 3287
3287 3318
3318 3346
3346 3377
3377 3407
3407 3438
3438 3468
3468 3499
3499 3530
3530 3560
3560 3591
3591 3621
3621 3652
0 31
31 59
59 90
90 120
120 151
151 181
181 212
212 243
243 273
273 304
304 334
334 365
365 396
396 424
424 455
455 485
485 516
516 546
546 577
577 608
608 638
638 669
669 699
699 730
730 761
761 789
789 820
820 850
850 881
881 911
911 942
942 973
973 1003
1003 1034
1034 1064
1064 1095
1095 1126
1126 1155
1155 1186
1186 1216
1216 1247
1247 1277
1277 1308
1308 1339
1339 1369
1369 1400
1400 1430
1430 1461
1461 1492
1492 1520
1520 1551
1551 1581
1581 1612
1612 1642
1642 1673
1673 1704
1704 1734
1734 1765
1765 1795
1795 1826
1826 1857
1857 1885
1885 1916
1916 1946
1946 1977
1977 2007
2007 2038
2038 2069
2069 2099
2099 2130
2130 2160
2160 2191
2191 2222
2222 2250
2250 2281
2281 2311
2311 2342
2342 2372
2372 2403
2403 2434
2434 2464
2464 2495
2495 2525
2525 2556
2556 2587
2587 2616
2616 2647
2647 2677
2677 2708
2708 2738
2738 2769
2769 2800
2800 2830
2830 2861
2861 2891
2891 2922
2922 2953
2953 2981
2981 3012
3012 3042
3042 3073
3073 3103
3103 3134
3134 3165
3165 3195
3195 3226
3226 3256
3256 3287
3287 3318
3318 3346
3346 3377
3377 3407
3407 3438
3438 3468
3468 3499
3499 3530
3530 3560
3560 3591
3591 3621
3621 3652
0 31
31 59
59 90
90 120
120 151
151 181
181 212
212 243
243 273
273 304
304 334
334 365
365 396
396 424
424 455
455 485
485 516
516 546
546 577
577 608
608 638
638 669
669 699
699 730
730 761
761 789
789 820
820 850
850 881
881 911
911 942
942 973
973 1003
1003 1034
1034 1064
1064 1095
1095 1126
1126 1155
1155 1186
1186 1216
1216 1247
1247 1277
1277 1308
1308 1339
1339 1369
1369 1400
1400 1430
1430 1461
1461 1492
1492 1520
1520 1551
1551 1581
1581 1612
1612 1642
1642 1673
1673 1704
1704 1734
1734 1765
1765 1795
1795 1826
1826 1857
1857 1885
1885 1916
1916 1946
1946 1977
1977 2007
2007 2038
2038 2069
2069 2099
2099 2130
2130 2160
2160 2191
2191 2222
2222 2250
2250 2281
2281 2311
2311 2342
2342 2372
2372 2403
2403 2434
2434 2464
2464 2495
2495 2525
2525 2556
2556 2587
2587 2616
2616 2647
2647 2677
2677 2708
2708 2738
2738 2769
2769 2800
2800 2830
2830 2861
2861 2891
2891 2922
2922 2953
2953 2981
2981 3012
3012 3042
3042 3073
3073 3103
3103 3134
3134 3165
3165 3195
3195 3226
3226 3256
3256 3287
3287 3318
3318 3346
3346 3377
3377 3407
3407 3438
3438 3468
3468 3499
3499 3530
3530 3560
3560 3591
3591 3621
3621 3652
0 31
31 59
59 90
90 120
120 151
151 181
181 212
212 243
243 273
273 304
304 334
334 365
365 396
396 424
424 455
455 485
485 516
516 546
546 577
577 608
608 638
638 669
669 699
699 730
730 761
761 789
789 820
820 850
850 881
881 911
911 942
942 973
973 1003
1003 1034
1034 1064
1064 1095
1095 1126
1126 1155
1155 1186
1186 1216
1216 1247
1247 1277
1277 1308
1308 1339
1339 1369
1369 1400
1400 1430
1430 1461
1461 1492
1492 1520
1520 1551
1551 1581
1581 1612
1612 1642
1642 1673
1673 1704
1704 1734
1734 1765
1765 1795
1795 1826
1826 1857
1857 1885
1885 1916
1916 1946
1946 1977
1977 2007
2007 2038
2038 2069
2069 2099
2099 2130
2130 2160
2160 2191
2191 2222
2222 2250
2250 2281
2281 2311
2311 2342
2342 2372
2372 2403
2403 2434
2434 2464
2464 2495
2495 2525
2525 2556
2556 2587
2587 2616
2616 2647
2647 2677
2677 2708
2708 2738
2738 2769
2769 2800
2800 2830
2830 2861
2861 2891
2891 2922
2922 2953
2953 2981
2981 3012
3012 3042
3042 3073
3073 3103
3103 3134
3134 3165
3165 3195
3195 3226
3226 3256
3256 3287
3287 3318
3318 3346
3346 3377
3377 3407
3407 3438
3438 3468
3468 3499
3499 3530
3530 3560
3560 3591
3591 3621
3621 3652
0 31
31 59
59 90
90 120
120 151
151 181
181 212
212 243
243 273
273 304
304 334
334 365
365 396
396 424
424 455
455 485
485 516
516 546
546 577
577 608
608 638
638 669
669 699
699 730
730 761
761 789
789 820
820 850
850 881
881 911
911 942
942 973
973 1003
1003 1034
1034 1064
1064 1095
1095 1126
1126 1155
1155 1186
1186 1216
1216 1247
1247 1277
1277 1308
1308 1339
1339 1369
1369 1400
1400 1430
1430 1461
1461 1492
1492 1520
1520 1551
1551 1581
1581 1612
1612 1642
1642 1673
1673 1704
1704 1734
1734 1765
1765 1795
1795 1826
1826 1857
1857 1885
1885 1916
1916 1946
1946 1977
1977 2007
2007 2038
2038 2069
2069 2099
2099 2130
2130 2160
2160 2191
2191 2222
2222 2250
2250 2281
2281 2311
2311 2342
2342 2372
2372 2403
2403 2434
2434 2464
2464 2495
2495 2525
2525 2556
2556 2587
2587 2616
2616 2647
2647 2677
2677 2708
2708 2738
2738 2769
2769 2800
2800 2830
2830 2861
2861 2891
2891 2922
2922 2953
2953 2981
2981 3012
3012 3042
3042 3073
3073 3103
3103 3134
3134 3165
3165 3195
3195 3226
3226 3256
3256 3287
3287 3318
3318 3346
3346 3377
3377 3407
3407 3438
3438 3468
3468 3499
3499 3530
3530 3560
3560 3591
3591 3621
3621 3652
0 31
31 59
59 90
90 120
120 151
151 181
181 212
212 243
243 273
273 304
304 334
334 365
365 396
396 424
424 455
455 485
485 516
516 546
546 577
577 608
608 638
638 669
669 699
699 730
730 761
761 789
789 820
820 850
850 881
881 911
911 942
942 973
973 1003
1003 1034
1034 1064
1064 1095
1095 1126
1126 1155
1155 1186
1186 1216
1216 1247
1247 1277
1277 1308
1308 1339
1339 1369
1369 1400
1400 1430
1430 1461
1461 1492
1492 1520
1520 1551
1551 1581
1581 1612
1612 1642
1642 1673
1673 1704
1704 1734
1734 1765
1765 1795
1795 1826
1826 1857
1857 1885
1885 1916
1916 1946
1946 1977
1977 2007
2007 2038
2038 2069
2069 2099
2099 2130
2130 2160
2160 2191
2191 2222
2222 2250
2250 2281
2281 2311
2311 2342
2342 2372
2372 2403
2403 2434
2434 2464
2464 2495
2495 2525
2525 2556
2556 2587
2587 2616
2616 2647
2647 2677
2677 2708
2708 2738
2738 2769
2769 2800
2800 2830
2830 2861
2861 2891
2891 2922
2922 2953
2953 2981
2981 3012
3012 3042
3042 3073
3073 3103
3103 3134
3134 3165
3165 3195
3195 3226
3226 3256
3256 3287
3287 3318
3318 3346
3346 3377
3377 3407
3407 3438
3438 3468
3468 3499
3499 3530
3530 3560
3560 3591
3591 3621
3621 3652
0 31
31 59
59 90
90 120
120 151
151 181
181 212
212 243
243 273
273 304
304 334
334 365
365 396
396 424
424 455
455 485
485 516
516 546
546 577
577 608
608 638
638 669
669 699
699 730
730 761
761 789
789 820
820 850
850 881
881 911
911 942
942 973
973 1003
1003 1034
1034 1064
1064 1095
1095 1126
1126 1155
1155 1186
1186 1216
1216 1247
1247 1277
1277 1308
1308 1339
1339 1369
1369 1400
1400 1430
1430 1461
1461 1492
1492 1520
1520 1551
1551 1581
1581 1612
1612 1642
1642 1673
1673 1704
1704 1734
1734 1765
1765 1795
1795 1826
1826 1857
1857 1885
1885 1916
1916 1946
1946 1977
1977 2007
2007 2038
2038 2069
2069 2099
2099 2130
2130 2160
2160 2191
2191 2222
2222 2250
2250 2281
2281 2311
2311 2342
2342 2372
2372 2403
2403 2434
2434 2464
2464 2495
2495 2525
2525 2556
2556 2587
2587 2616
2616 2647
2647 2677
2677 2708
2708 2738
2738 2769
2769 2800
2800 2830
2830 2861
2861 2891
2891 2922
2922 2953
2953 2981
2981 3012
3012 3042
3042 3073
3073 3103
3103 3134
3134 3165
3165 3195
3195 3226
3226 3256
3256 3287
3287 3318
3318 3346
3346 3377
3377 3407
3407 3438
3438 3468
3468 3499
3499 3530
3530 3560
3560 3591
3591 3621
3621 3652
0 31
31 59
59 90
90 120
120 151
151 181
181 212
212 243
243 273
273 304
304 334
334 365
365 396
396 424
424 455
455 485
485 516
516 546
546 577
577 608
608 638
638 669
669 699
699 730
730 761
761 789
789 820
820 850
850 881
881 911
911 942
942 973
973 1003
1003 1034
1034 1064
1064 1095
1095 1126
1126 1155
1155 1186
1186 1216
1216 1247
1247 1277
1277 1308
1308 1339
1339 1369
1369 1400
1400 1430
1430 1461
1461 1492
1492 1520
1520 1551
1551 1581
1581 1612
1612 1642
1642 1673
1673 1704
1704 1734
1734 1765
1765 1795
1795 1826
1826 1857
1857 1885
1885 1916
1916 1946
1946 1977
1977 2007
2007 2038
2038 2069
2069 2099
2099 2130
2130 2160
2160 2191
2191 2222
2222 2250
2250 2281
2281 2311
2311 2342
2342 2372
2372 2403
2403 2434
2434 2464
2464 2495
2495 2525
2525 2556
2556 2587
2587 2616
2616 2647
2647 2677
2677 2708
2708 2738
2738 2769
2769 2800
2800 2830
2830 2861
2861 2891
2891 2922
2922 2953
2953 2981
2981 3012
3012 3042
3042 3073
3073 3103
3103 3134
3134 3165
3165 3195
3195 3226
3226 3256
3256 3287
3287 3318
3318 3346
3346 3377
3377 3407
3407 3438
3438 3468
3468 3499
3499 3530
3530 3560
3560 3591
3591 3621
3621 3652
0 31
31 59
59 90
90 120
120 151
151 181
181 212
212 243
243 273
273 304
304 334
334 365
365 396
396 424
424 455
455 485
485 516
516 546
546 577
577 608
608 638
638 669
669 699
699 730
730 761
761 789
789 820
820 850
850 881
881 911
911 942
942 973
973 1003
1003 1034
1034 1064
1064 1095
1095 1126
1126 1155
1155 1186
1186 1216
1216 1247
1247 1277
1277 1308
1308 1339
1339 1369
1369 1400
1400 1430
1430 1461
1461 1492
1492 1520
1520 1551
1551 1581
1581 1612
1612 1642
1642 1673
1673 1704
1704 1734
1734 1765
1765 1795
1795 1826
1826 1857
1857 1885
1885 1916
1916 1946
1946 1977
1977 2007
2007 2038
2038 2069
2069 2099
2099 2130
2130 2160
2160 2191
2191 2222
2222 2250
2250 2281
2281 2311
2311 2342
2342 2372
2372 2403
2403 2434
2434 2464
2464 2495
2495 2525
2525 2556
2556 2587
2587 2616
2616 2647
2647 2677
2677 2708
2708 2738
2738 2769
2769 2800
2800 2830
2830 2861
2861 2891
2891 2922
2922 2953
2953 2981
2981 3012
3012 3042
3042 3073
3073 3103
3103 3134
3134 3165
3165 3195
3195 3226
3226 3256
3256 3287
3287 3318
3318 3346
3346 3377
3377 3407
3407 3438
3438 3468
3468 3499
3499 3530
3530 3560
3560 3591
3591 3621
3621 3652
0 31
31 59
59 90
90 120
120 151
151 181
181 212
212 243
243 273
273 304
304 334
334 365
365 396
396 424
424 455
455 485
485 516
516 546
546 577
577 608
608 638
638 669
669 699
699 730
730 761
761 789
789 820
820 850
850 881
881 911
911 942
942 973
973 1003
1003 1034
1034 1064
1064 1095
1095 1126
1126 1155
1155 1186
1186 1216
1216 1247
1247 1277
1277 1308
1308 1339
1339 1369
1369 1400
1400 1430
1430 1461
1461 1492
1492 1520
1520 1551
1551 1581
1581 1612
1612 1642
1642 1673
1673 1704
1704 1734
1734 1765
1765 1795
1795 1826
1826 1857
1857 1885
1885 1916
1916 1946
1946 1977
1977 2007
2007 2038
2038 2069
2069 2099
2099 2130
2130 2160
2160 2191
2191 2222
2222 2250
2250 2281
2281 2311
2311 2342
2342 2372
2372 2403
2403 2434
2434 2464
2464 2495
2495 2525
2525 2556
2556 2587
2587 2616
2616 2647
2647 2677
2677 2708
2708 2738
2738 2769
2769 2800
2800 2830
2830 2861
2861 2891
2891 2922
2922 2953
2953 2981
2981 3012
3012 3042
3042 3073
3073 3103
3103 3134
3134 3165
3165 3195
3195 3226
3226 3256
3256 3287
3287 3318
3318 3346
3346 3377
3377 3407
3407 3438
3438 3468
3468 3499
3499 3530
3530 3560
3560 3591
3591 3621
3621 3652
0 31
31 59
59 90
90 120
120 151
151 181
181 212
212 243
243 273
273 304
304 334
334 365
365 396
396 424
424 455
455 485
485 516
516 546
546 577
577 608
608 638
638 669
669 699
699 730
730 761
761 789
789 820
820 850
850 881
881 911
911 942
942 973
973 1003
1003 1034
1034 1064
1064 1095
1095 1126
1126 1155
1155 1186
1186 1216
1216 1247
1247 1277
1277 1308
1308 1339
1339 1369
1369 1400
1400 1430
1430 1461
1461 1492
1492 1520
1520 1551
1551 1581
1581 1612
1612 1642
1642 1673
1673 1704
1704 1734
1734 1765
1765 1795
1795 1826
1826 1857
1857 1885
1885 1916
1916 1946
1946 1977
1977 2007
2007 2038
2038 2069
2069 2099
2099 2130
2130 2160
2160 2191
2191 2222
2222 2250
2250 2281
2281 2311
2311 2342
2342 2372
2372 2403
2403 2434
2434 2464
2464 2495
2495 2525
2525 2556
2556 2587
2587 2616
2616 2647
2647 2677
2677 2708
2708 2738
2738 2769
2769 2800
2800 2830
2830 2861
2861 2891
2891 2922
2922 2953
2953 2981
2981 3012
3012 3042
3042 3073
3073 3103
3103 3134
3134 3165
3165 3195
3195 3226
3226 3256
3256 3287
3287 3318
3318 3346
3346 3377
3377 3407
3407 3438
3438 3468
3468 3499
3499 3530
3530 3560
3560 3591
3591 3621
3621 3652
0 31
31 59
59 90
90 120
120 151
151 181
181 212
212 243
243 273
273 304
304 334
334 365
365 396
396 424
424 455
455 485
485 516
516 546
546 577
577 608
608 638
638 669
669 699
699 730
730 761
761 789
789 820
820 850
850 881
881 911
911 942
942 973
973 1003
1003 1034
1034 1064
1064 1095
1095 1126
1126 1155
1155 1186
1186 1216
1216 1247
1247 1277
1277 1308
1308 1339
1339 1369
1369 1400
1400 1430
1430 1461
1461 1492
1492 1520
1520 1551
1551 1581
1581 1612
1612 1642
1642 1673
1673 1704
1704 1734
1734 1765
1765 1795
1795 1826
1826 1857
1857 1885
1885 1916
1916 1946
1946 1977
1977 2007
2007 2038
2038 2069
2069 2099
2099 2130
2130 2160
2160 2191
2191 2222
2222 2250
2250 2281
2281 2311
2311 2342
2342 2372
2372 2403
2403 2434
2434 2464
2464 2495
2495 2525
2525 2556
2556 2587
2587 2616
2616 2647
2647 2677
2677 2708
2708 2738
2738 2769
2769 2800
2800 2830
2830 2861
2861 2891
2891 2922
2922 2953
2953 2981
2981 3012
3012 3042
3042 3073
3073 3103
3103 3134
3134 3165
3165 3195
3195 3226
3226 3256
3256 3287
3287 3318
3318 3346
3346 3377
3377 3407
3407 3438
3438 3468
3468 3499
3499 3530
3530 3560
3560 3591
3591 3621
3621 3652
0 31
31 59
59 90
90 120
120 151
151 181
181 212
212 243
243 273
273 304
304 334
334 365
365 396
396 424
424 455
455 485
485 516
516 546
546 577
577 608
608 638
638 669
669 699
699 730
730 761
761 789
789 820
820 850
850 881
881 911
911 942
942 973
973 1003
1003 1034
1034 1064
1064 1095
1095 1126
1126 1155
1155 1186
1186 1216
1216 1247
1247 1277
1277 1308
1308 1339
1339 1369
1369 1400
1400 1430
1430 1461
1461 1492
1492 1520
1520 1551
1551 1581
1581 1612
1612 1642
1642 1673
1673 1704
1704 1734
1734 1765
1765 1795
1795 1826
1826 1857
1857 1885
1885 1916
1916 1946
1946 1977
1977 2007
2007 2038
2038 2069
2069 2099
2099 2130
2130 2160
2160 2191
2191 2222
2222 2250
2250 2281
2281 2311
2311 2342
2342 2372
2372 2403
2403 2434
2434 2464
2464 2495
2495 2525
2525 2556
2556 2587
2587 2616
2616 2647
2647 2677
2677 2708
2708 2738
2738 2769
2769 2800
2800 2830
2830 2861
2861 2891
2891 2922
2922 2953
2953 2981
2981 3012
3012 3042
3042 3073
3073 3103
3103 3134
3134 3165
3165 3195
3195 3226
3226 3256
3256 3287
3287 3318
3318 3346
3346 3377
3377 3407
3407 3438
3438 3468
3468 3499
3499 3530
3530 3560
3560 3591
3591 3621
3621 3652
0 31
31 59
59 90
90 120
120 151
151 181
181 212
212 243
243 273
273 304
304 334
334 365
365 396
396 424
424 455
455 485
485 516
516 546
546 577
577 608
608 638
638 669
669 699
699 730
730 761
761 789
789 820
820 850
850 881
881 911
911 942
942 973
973 1003
1003 1034
1034 1064
1064 1095
1095 1126
1126 1155
1155 1186
1186 1216
1216 1247
1247 1277
1277 1308
1308 1339
1339 1369
1369 1400
1400 1430
1430 1461
1461 1492
1492 1520
1520 1551
1551 1581
1581 1612
1612 1642
1642 1673
1673 1704
1704 1734
1734 1765
1765 1795
1795 1826
1826 1857
1857 1885
1885 1916
1916 1946
1946 1977
1977 2007
2007 2038
2038 2069
2069 2099
2099 2130
2130 2160
2160 2191
2191 2222
2222 2250
2250 2281
2281 2311
2311 2342
2342 2372
2372 2403
2403 2434
2434 2464
2464 2495
2495 2525
2525 2556
2556 2587
2587 2616
2616 2647
2647 2677
2677 2708
2708 2738
2738 2769
2769 2800
2800 2830
2830 2861
2861 2891
2891 2922
2922 2953
2953 2981
2981 3012
3012 3042
3042 3073
3073 3103
3103 3134
3134 3165
3165 3195
3195 3226
3226 3256
3256 3287
3287 3318
3318 3346
3346 3377
3377 3407
3407 3438
3438 3468
3468 3499
3499 3530
3530 3560
3560 3591
3591 3621
3621 3652
0 31
31 59
59 90
90 120
120 151
151 181
181 212
212 243
243 273
273 304
304 334
334 365
365 396
396 424
424 455
455 485
485 516
516 546
546 577
577 608
608 638
638 669
669 699
699 730
730 761
761 789
789 820
820 850
850 881
881 911
911 942
942 973
973 1003
1003 1034
1034 1064
1064 1095
1095 1126
1126 1155
1155 1186
1186 1216
1216 1247
1247 1277
1277 1308
1308 1339
1339 1369
1369 1400
1400 1430
1430 1461
1461 1492
1492 1520
1520 1551
1551 1581
1581 1612
1612 1642
1642 1673
1673 1704
1704 1734
1734 1765
1765 1795
1795 1826
1826 1857
1857 1885
1885 1916
1916 1946
1946 1977
1977 2007
2007 2038
2038 2069
2069 2099
2099 2130
2130 2160
2160 2191
2191 2222
2222 2250
2250 2281
2281 2311
2311 2342
2342 2372
2372 2403
2403 2434
2434 2464
2464 2495
2495 2525
2525 2556
2556 2587
2587 2616
2616 2647
2647 2677
2677 2708
2708 2738
2738 2769
2769 2800
2800 2830
2830 2861
2861 2891
2891 2922
2922 2953
2953 2981
2981 3012
3012 3042
3042 3073
3073 3103
3103 3134
3134 3165
3165 3195
3195 3226
3226 3256
3256 3287
3287 3318
3318 3346
3346 3377
3377 3407
3407 3438
3438 3468
3468 3499
3499 3530
3530 3560
3560 3591
3591 3621
3621 3652
0 31
31 59
59 90
90 120
120 151
151 181
181 212
212 243
243 273
273 304
304 334
334 365
365 396
396 424
424 455
455 485
485 516
516 546
546 577
577 608
608 638
638 669
669 699
699 730
730 761
761 789
789 820
820 850
850 881
881 911
911 942
942 973
973 1003
1003 1034
1034 1064
1064 1095
1095 1126
1126 1155
1155 1186
1186 1216
1216 1247
1247 1277
1277 1308
1308 1339
1339 1369
1369 1400
1400 1430
1430 1461
1461 1492
1492 1520
1520 1551
1551 1581
1581 1612
1612 1642
1642 1673
1673 1704
1704 1734
1734 1765
1765 1795
1795 1826
1826 1857
1857 1885
1885 1916
1916 1946
1946 1977
1977 2007
2007 2038
2038 2069
2069 2099
2099 2130
2130 2160
2160 2191
2191 2222
2222 2250
2250 2281
2281 2311
2311 2342
2342 2372
2372 2403
2403 2434
2434 2464
2464 2495
2495 2525
2525 2556
2556 2587
2587 2616
2616 2647
2647 2677
2677 2708
2708 2738
2738 2769
2769 2800
2800 2830
2830 2861
2861 2891
2891 2922
2922 2953
2953 2981
2981 3012
3012 3042
3042 3073
3073 3103
3103 3134
3134 3165
3165 3195
3195 3226
3226 3256
3256 3287
3287 3318
3318 3346
3346 3377
3377 3407
3407 3438
3438 3468
3468 3499
3499 3530
3530 3560
3560 3591
3591 3621
3621 3652
0 31
31 59
59 90
90 120
120 151
151 181
181 212
212 243
243 273
273 304
304 334
334 365
365 396
396 424
424 455
455 485
485 516
516 546
546 577
577 608
608 638
638 669
669 699
699 730
730 761
761 789
789 820
820 850
850 881
881 911
911 942
942 973
973 1003
1003 1034
1034 1064
1064 1095
1095 1126
1126 1155
1155 1186
1186 1216
1216 1247
1247 1277
1277 1308
1308 1339
1339 1369
1369 1400
1400 1430
1430 1461
1461 1492
1492 1520
1520 1551
1551 1581
1581 1612
1612 1642
1642 1673
1673 1704
1704 1734
1734 1765
1765 1795
1795 1826
1826 1857
1857 1885
1885 1916
1916 1946
1946 1977
1977 2007
2007 2038
2038 2069
2069 2099
2099 2130
2130 2160
2160 2191
2191 2222
2222 2250
2250 2281
2281 2311
2311 2342
2342 2372
2372 2403
2403 2434
2434 2464
2464 2495
2495 2525
2525 2556
2556 2587
2587 2616
2616 2647
2647 2677
2677 2708
2708 2738
2738 2769
2769 2800
2800 2830
2830 2861
2861 2891
2891 2922
2922 2953
2953 2981
2981 3012
3012 3042
3042 3073
3073 3103
3103 3134
3134 3165
3165 3195
3195 3226
3226 3256
3256 3287
3287 3318
3318 3346
3346 3377
3377 3407
3407 3438
3438 3468
3468 3499
3499 3530
3530 3560
3560 3591
3591 3621
3621 3652
0 31
31 59
59 90
90 120
120 151
151 181
181 212
212 243
243 273
273 304
304 334
334 365
365 396
396 424
424 455
455 485
485 516
516 546
546 577
577 608
608 638
638 669
669 699
699 730
730 761
761 789
789 820
820 850
850 881
881 911
911 942
942 973
973 1003
1003 1034
1034 1064
1064 1095
1095 1126
1126 1155
1155 1186
1186 1216
1216 1247
1247 1277
1277 1308
1308 1339
1339 1369
1369 1400
1400 1430
1430 1461
1461 1492
1492 1520
1520 1551
1551 1581
1581 1612
1612 1642
1642 1673
1673 1704
1704 1734
1734 1765
1765 1795
1795 1826
1826 1857
1857 1885
1885 1916
1916 1946
1946 1977
1977 2007
2007 2038
2038 2069
2069 2099
2099 2130
2130 2160
2160 2191
2191 2222
2222 2250
2250 2281
2281 2311
2311 2342
2342 2372
2372 2403
2403 2434
2434 2464
2464 2495
2495 2525
2525 2556
2556 2587
2587 2616
2616 2647
2647 2677
2677 2708
2708 2738
2738 2769
2769 2800
2800 2830
2830 2861
2861 2891
2891 2922
2922 2953
2953 2981
2981 3012
3012 3042
3042 3073
3073 3103
3103 3134
3134 3165
3165 3195
3195 3226
3226 3256
3256 3287
3287 3318
3318 3346
3346 3377
3377 3407
3407 3438
3438 3468
3468 3499
3499 3530
3530 3560
3560 3591
3591 3621
3621 3652
0 31
31 59
59 90
90 120
120 151
151 181
181 212
212 243
243 273
273 304
304 334
334 365
365 396
396 424
424 455
455 485
485 516
516 546
546 577
577 608
608 638
638 669
669 699
699 730
730 761
761 789
789 820
820 850
850 881
881 911
911 942
942 973
973 1003
1003 1034
1034 1064
1064 1095
1095 1126
1126 1155
1155 1186
1186 1216
1216 1247
1247 1277
1277 1308
1308 1339
1339 1369
1369 1400
1400 1430
1430 1461
1461 1492
1492 1520
1520 1551
1551 1581
1581 1612
1612 1642
1642 1673
1673 1704
1704 1734
1734 1765
1765 1795
1795 1826
1826 1857
1857 1885
1885 1916
1916 1946
1946 1977
1977 2007
2007 2038
2038 2069
2069 2099
2099 2130
2130 2160
2160 2191
2191 2222
2222 2250
2250 2281
2281 2311
2311 2342
2342 2372
2372 2403
2403 2434
2434 2464
2464 2495
2495 2525
2525 2556
2556 2587
2587 2616
2616 2647
2647 2677
2677 2708
2708 2738
2738 2769
2769 2800
2800 2830
2830 2861
2861 2891
2891 2922
2922 2953
2953 2981
2981 3012
3012 3042
3042 3073
3073 3103
3103 3134
3134 3165
3165 3195
3195 3226
3226 3256
3256 3287
3287 3318
3318 3346
3346 3377
3377 3407
3407 3438
3438 3468
3468 3499
3499 3530
3530 3560
3560 3591
3591 3621
3621 3652
0 31
31 59
59 90
90 120
120 151
151 181
181 212
212 243
243 273
273 304
304 334
334 365
365 396
396 424
424 455
455 485
485 516
516 546
546 577
577 608
608 638
638 669
669 699
699 730
730 761
761 789
789 820
820 850
850 881
881 911
911 942
942 973
973 1003
1003 1034
1034 1064
1064 1095
1095 1126
1126 1155
1155 1186
1186 1216
1216 1247
1247 1277
1277 1308
1308 1339
1339 1369
1369 1400
1400 1430
1430 1461
1461 1492
1492 1520
1520 1551
1551 1581
1581 1612
1612 1642
1642 1673
1673 1704
1704 1734
1734 1765
1765 1795
1795 1826
1826 1857
1857 1885
1885 1916
1916 1946
1946 1977
1977 2007
2007 2038
2038 2069
2069 2099
2099 2130
2130 2160
2160 2191
2191 2222
2222 2250
2250 2281
2281 2311
2311 2342
2342 2372
2372 2403
2403 2434
2434 2464
2464 2495
2495 2525
2525 2556
2556 2587
2587 2616
2616 2647
2647 2677
2677 2708
2708 2738
2738 2769
2769 2800
2800 2830
2830 2861
2861 2891
2891 2922
2922 2953
2953 2981
2981 3012
3012 3042
3042 3073
3073 3103
3103 3134
3134 3165
3165 3195
3195 3226
3226 3256
3256 3287
3287 3318
3318 3346
3346 3377
3377 3407
3407 3438
3438 3468
3468 3499
3499 3530
3530 3560
3560 3591
3591 3621
3621 3652
0 31
31 59
59 90
90 120
120 151
151 181
181 212
212 243
243 273
273 304
304 334
334 365
365 396
396 424
424 455
455 485
485 516
516 546
546 577
577 608
608 638
638 669
669 699
699 730
730 761
761 789
789 820
820 850
850 881
881 911
911 942
942 973
973 1003
1003 1034
1034 1064
1064 1095
1095 1126
1126 1155
1155 1186
1186 1216
1216 1247
1247 1277
1277 1308
1308 1339
1339 1369
1369 1400
1400 1430
1430 1461
1461 1492
1492 1520
1520 1551
1551 1581
1581 1612
1612 1642
1642 1673
1673 1704
1704 1734
1734 1765
1765 1795
1795 1826
1826 1857
1857 1885
1885 1916
1916 1946
1946 1977
1977 2007
2007 2038
2038 2069
2069 2099
2099 2130
2130 2160
2160 2191
2191 2222
2222 2250
2250 2281
2281 2311
2311 2342
2342 2372
2372 2403
2403 2434
2434 2464
2464 2495
2495 2525
2525 2556
2556 2587
2587 2616
2616 2647
2647 2677
2677 2708
2708 2738
2738 2769
2769 2800
2800 2830
2830 2861
2861 2891
2891 2922
2922 2953
2953 2981
2981 3012
3012 3042
3042 3073
3073 3103
3103 3134
3134 3165
3165 3195
3195 3226
3226 3256
3256 3287
3287 3318
3318 3346
3346 3377
3377 3407
3407 3438
3438 3468
3468 3499
3499 3530
3530 3560
3560 3591
3591 3621
3621 3652
0 31
31 59
59 90
90 120
120 151
151 181
181 212
212 243
243 273
273 304
304 334
334 365
365 396
396 424
424 455
455 485
485 516
516 546
546 577
577 608
608 638
638 669
669 699
699 730
730 761
761 789
789 820
820 850
850 881
881 911
911 942
942 973
973 1003
1003 1034
1034 1064
1064 1095
1095 1126
1126 1155
1155 1186
1186 1216
1216 1247
1247 1277
1277 1308
1308 1339
1339 1369
1369 1400
1400 1430
1430 1461
1461 1492
1492 1520
1520 1551
1551 1581
1581 1612
1612 1642
1642 1673
1673 1704
1704 1734
1734 1765
1765 1795
1795 1826
1826 1857
1857 1885
1885 1916
1916 1946
1946 1977
1977 2007
2007 2038
2038 2069
2069 2099
2099 2130
2130 2160
2160 2191
2191 2222
2222 2250
2250 2281
2281 2311
2311 2342
2342 2372
2372 2403
2403 2434
2434 2464
2464 2495
2495 2525
2525 2556
2556 2587
2587 2616
2616 2647
2647 2677
2677 2708
2708 2738
2738 2769
2769 2800
2800 2830
2830 2861
2861 2891
2891 2922
2922 2953
2953 2981
2981 3012
3012 3042
3042 3073
3073 3103
3103 3134
3134 3165
3165 3195
3195 3226
3226 3256
3256 3287
3287 3318
3318 3346
3346 3377
3377 3407
3407 3438
3438 3468
3468 3499
3499 3530
3530 3560
3560 3591
3591 3621
3621 3652
0 31
31 59
59 90
90 120
120 151
151 181
181 212
212 243
243 273
273 304
304 334
334 365
365 396
396 424
424 455
455 485
485 516
516 546
546 577
577 608
608 638
638 669
669 699
699 730
730 761
761 789
789 820
820 850
850 881
881 911
911 942
942 973
973 1003
1003 1034
1034 1064
1064 1095
1095 1126
1126 1155
1155 1186
1186 1216
1216 1247
1247 1277
1277 1308
1308 1339
1339 1369
1369 1400
1400 1430
1430 1461
1461 1492
1492 1520
1520 1551
1551 1581
1581 1612
1612 1642
1642 1673
1673 1704
1704 1734
1734 1765
1765 1795
1795 1826
1826 1857
1857 1885
1885 1916
1916 1946
1946 1977
1977 2007
2007 2038
2038 2069
2069 2099
2099 2130
2130 2160
2160 2191
2191 2222
2222 2250
2250 2281
2281 2311
2311 2342
2342 2372
2372 2403
2403 2434
2434 2464
2464 2495
2495 2525
2525 2556
2556 2587
2587 2616
2616 2647
2647 2677
2677 2708
2708 2738
2738 2769
2769 2800
2800 2830
2830 2861
2861 2891
2891 2922
2922 2953
2953 2981
2981 3012
3012 3042
3042 3073
3073 3103
3103 3134
3134 3165
3165 3195
3195 3226
3226 3256
3256 3287
3287 3318
3318 3346
3346 3377
3377 3407
3407 3438
3438 3468
3468 3499
3499 3530
3530 3560
3560 3591
3591 3621
3621 3652
0 31
31 59
59 90
90 120
120 151
151 181
181 212
212 243
243 273
273 304
304 334
334 365
365 396
396 424
424 455
455 485
485 516
516 546
546 577
577 608
608 638
638 669
669 699
699 730
730 761
761 789
789 820
820 850
850 881
881 911
911 942
942 973
973 1003
1003 1034
1034 1064
1064 1095
1095 1126
1126 1155
1155 1186
1186 1216
1216 1247
1247 1277
1277 1308
1308 1339
1339 1369
1369 1400
1400 1430
1430 1461
1461 1492
1492 1520
1520 1551
1551 1581
1581 1612
1612 1642
1642 1673
1673 1704
1704 1734
1734 1765
1765 1795
1795 1826
1826 1857
1857 1885
1885 1916
1916 1946
1946 1977
1977 2007
2007 2038
2038 2069
2069 2099
2099 2130
2130 2160
2160 2191
2191 2222
2222 2250
2250 2281
2281 2311
2311 2342
2342 2372
2372 2403
2403 2434
2434 2464
2464 2495
2495 2525
2525 2556
2556 2587
2587 2616
2616 2647
2647 2677
2677 2708
2708 2738
2738 2769
2769 2800
2800 2830
2830 2861
2861 2891
2891 2922
2922 2953
2953 2981
2981 3012
3012 3042
3042 3073
3073 3103
3103 3134
3134 3165
3165 3195
3195 3226
3226 3256
3256 3287
3287 3318
3318 3346
3346 3377
3377 3407
3407 3438
3438 3468
3468 3499
3499 3530
3530 3560
3560 3591
3591 3621
3621 3652
0 31
31 59
59 90
90 120
120 151
151 181
181 212
212 243
243 273
273 304
304 334
334 365
365 396
396 424
424 455
455 485
485 516
516 546
546 577
577 608
608 638
638 669
669 699
699 730
730 761
761 789
789 820
820 850
850 881
881 911
911 942
942 973
973 1003
1003 1034
1034 1064
1064 1095
1095 1126
1126 1155
1155 1186
1186 1216
1216 1247
1247 1277
1277 1308
1308 1339
1339 1369
1369 1400
1400 1430
1430 1461
1461 1492
1492 1520
1520 1551
1551 1581
1581 1612
1612 1642
1642 1673
1673 1704
1704 1734
1734 1765
1765 1795
1795 1826
1826 1857
1857 1885
1885 1916
1916 1946
1946 1977
1977 2007
2007 2038
2038 2069
2069 2099
2099 2130
2130 2160
2160 2191
2191 2222
2222 2250
2250 2281
2281 2311
2311 2342
2342 2372
2372 2403
2403 2434
2434 2464
2464 2495
2495 2525
2525 2556
2556 2587
2587 2616
2616 2647
2647 2677
2677 2708
2708 2738
2738 2769
2769 2800
2800 2830
2830 2861
2861 2891
2891 2922
2922 2953
2953 2981
2981 3012
3012 3042
3042 3073
3073 3103
3103 3134
3134 3165
3165 3195
3195 3226
3226 3256
3256 3287
3287 3318
3318 3346
3346 3377
3377 3407
3407 3438
3438 3468
3468 3499
3499 3530
3530 3560
3560 3591
3591 3621
3621 3652
0 31
31 59
59 90
90 120
120 151
151 181
181 212
212 243
243 273
273 304
304 334
334 365
365 396
396 424
424 455
455 485
485 516
516 546
546 577
577 608
608 638
638 669
669 699
699 730
730 761
761 789
789 820
820 850
850 881
881 911
911 942
942 973
973 1003
1003 1034
1034 1064
1064 1095
1095 1126
1126 1155
1155 1186
1186 1216
1216 1247
1247 1277
1277 1308
1308 1339
1339 1369
1369 1400
1400 1430
1430 1461
1461 1492
1492 1520
1520 1551
1551 1581
1581 1612
1612 1642
1642 1673
1673 1704
1704 1734
1734 1765
1765 1795
1795 1826
1826 1857
1857 1885
1885 1916
1916 1946
1946 1977
1977 2007
2007 2038
2038 2069
2069 2099
2099 2130
2130 2160
2160 2191
2191 2222
2222 2250
2250 2281
2281 2311
2311 2342
2342 2372
2372 2403
2403 2434
2434 2464
2464 2495
2495 2525
2525 2556
2556 2587
2587 2616
2616 2647
2647 2677
2677 2708
2708 2738
2738 2769
2769 2800
2800 2830
2830 2861
2861 2891
2891 2922
2922 2953
2953 2981
2981 3012
3012 3042
3042 3073
3073 3103
3103 3134
3134 3165
3165 3195
3195 3226
3226 3256
3256 3287
3287 3318
3318 3346
3346 3377
3377 3407
3407 3438
3438 3468
3468 3499
3499 3530
3530 3560
3560 3591
3591 3621
3621 3652
0 31
31 59
59 90
90 120
120 151
151 181
181 212
212 243
243 273
273 304
304 334
334 365
365 396
396 424
424 455
455 485
485 516
516 546
546 577
577 608
608 638
638 669
669 699
699 730
730 761
761 789
789 820
820 850
850 881
881 911
911 942
942 973
973 1003
1003 1034
1034 1064
1064 1095
1095 1126
1126 1155
1155 1186
1186 1216
1216 1247
1247 1277
1277 1308
1308 1339
1339 1369
1369 1400
1400 1430
1430 1461
1461 1492
1492 1520
1520 1551
1551 1581
1581 1612
1612 1642
1642 1673
1673 1704
1704 1734
1734 1765
1765 1795
1795 1826
1826 1857
1857 1885
1885 1916
1916 1946
1946 1977
1977 2007
2007 2038
2038 2069
2069 2099
2099 2130
2130 2160
2160 2191
2191 2222
2222 2250
2250 2281
2281 2311
2311 2342
2342 2372
2372 2403
2403 2434
2434 2464
2464 2495
2495 2525
2525 2556
2556 2587
2587 2616
2616 2647
2647 2677
2677 2708
2708 2738
2738 2769
2769 2800
2800 2830
2830 2861
2861 2891
2891 2922
2922 2953
2953 2981
2981 3012
3012 3042
3042 3073
3073 3103
3103 3134
3134 3165
3165 3195
3195 3226
3226 3256
3256 3287
3287 3318
3318 3346
3346 3377
3377 3407
3407 3438
3438 3468
3468 3499
3499 3530
3530 3560
3560 3591
3591 3621
3621 3652
0 62
62 118
118 180
180 240
240 302
302 362
362 424
424 486
486 546
546 608
608 668
668 730
730 792
792 848
848 910
910 970
970 1032
1032 1092
1092 1154
1154 1216
1216 1276
1276 1338
1338 1398
1398 1460
1460 1522
1522 1578
1578 1640
1640 1700
1700 1762
1762 1822
1822 1884
1884 1946
1946 2006
2006 2068
2068 2128
2128 2190
2190 2252
2252 2310
2310 2372
2372 2432
2432 2494
2494 2554
2554 2616
2616 2678
2678 2738
2738 2800
2800 2860
2860 2922
2922 2984
2984 3040
3040 3102
3102 3162
3162 3224
3224 3284
3284 3346
3346 3408
3408 3468
3468 3530
3530 3590
3590 3652
3652 3714
3714 3770
3770 3832
3832 3892
3892 3954
3954 4014
4014 4076
4076 4138
4138 4198
4198 4260
4260 4320
4320 4382
4382 4444
4444 4500
4500 4562
4562 4622
4622 4684
4684 4744
4744 4806
4806 4868
4868 4928
4928 4990
4990 5050
5050 5112
5112 5174
5174 5232
5232 5294
5294 5354
5354 5416
5416 5476
5476 5538
5538 5600
5600 5660
5660 5722
5722 5782
5782 5844
5844 5906
5906 5962
5962 6024
6024 6084
6084 6146
6146 6206
6206 6268
6268 6330
6330 6390
6390 6452
6452 6512
6512 6574
6574 6636
6636 6692
6692 6754
6754 6814
6814 6876
6876 6936
6936 6998
6998 7060
7060 7120
7120 7182
7182 7242
7242 7304
0 62
62 118
118 180
180 240
240 302
302 362
362 424
424 486
486 546
546 608
608 668
668 730
730 792
792 848
848 910
910 970
970 1032
1032 1092
1092 1154
1154 1216
1216 1276
1276 1338
1338 1398
1398 1460
1460 1522
1522 1578
1578 1640
1640 1700
1700 1762
1762 1822
1822 1884
1884 1946
1946 2006
2006 2068
2068 2128
2128 2190
2190 2252
2252 2310
2310 2372
2372 2432
2432 2494
2494 2554
2554 2616
2616 2678
2678 2738
2738 2800
2800 2860
2860 2922
2922 2984
2984 3040
3040 3102
3102 3162
3162 3224
3224 3284
3284 3346
3346 3408
3408 3468
3468 3530
3530 3590
3590 3652
3652 3714
3714 3770
3770 3832
3832 3892
3892 3954
3954 4014
4014 4076
4076 4138
4138 4198
4198 4260
4260 4320
4320 4382
4382 4444
4444 4500
4500 4562
4562 4622
4622 4684
4684 4744
4744 4806
4806 4868
4868 4928
4928 4990
4990 5050
5050 5112
5112 5174
5174 5232
5232 5294
5294 5354
5354 5416
5416 5476
5476 5538
5538 5600
5600 5660
5660 5722
5722 5782
5782 5844
5844 5906
5906 5962
5962 6024
6024 6084
6084 6146
6146 6206
6206 6268
6268 6330
6330 6390
6390 6452
6452 6512
6512 6574
6574 6636
6636 6692
6692 6754
6754 6814
6814 6876
6876 6936
6936 6998
6998 7060
7060 7120
7120 7182
7182 7242
7242 7304
0 62
62 118
118 180
180 240
240 302
302 362
362 424
424 486
486 546
546 608
608 668
668 730
730 792
792 848
848 910
910 970
970 1032
1032 1092
1092 1154
1154 1216
1216 1276
1276 1338
1338 1398
1398 1460
1460 1522
1522 1578
1578 1640
1640 1700
1700 1762
1762 1822
1822 1884
1884 1946
1946 2006
2006 2068
2068 2128
2128 2190
2190 2252
2252 2310
2310 2372
2372 2432
2432 2494
2494 2554
2554 2616
2616 2678
2678 2738
2738 2800
2800 2860
2860 2922
2922 2984
2984 3040
3040 3102
3102 3162
3162 3224
3224 3284
3284 3346
3346 3408
3408 3468
3468 3530
3530 3590
3590 3652
3652 3714
3714 3770
3770 3832
3832 3892
3892 3954
3954 4014
4014 4076
4076 4138
4138 4198
4198 4260
4260 4320
4320 4382
4382 4444
4444 4500
4500 4562
4562 4622
4622 4684
4684 4744
4744 4806
4806 4868
4868 4928
4928 4990
4990 5050
5050 5112
5112 5174
5174 5232
5232 5294
5294 5354
5354 5416
5416 5476
5476 5538
5538 5600
5600 5660
5660 5722
5722 5782
5782 5844
5844 5906
5906 5962
5962 6024
6024 6084
6084 6146
6146 6206
6206 6268
6268 6330
6330 6390
6390 6452
6452 6512
6512 6574
6574 6636
6636 6692
6692 6754
6754 6814
6814 6876
6876 6936
6936 6998
6998 7060
7060 7120
7120 7182
7182 7242
7242 7304
0 62
62 118
118 180
180 240
240 302
302 362
362 424
424 486
486 546
546 608
608 668
668 730
730 792
792 848
848 910
910 970
970 1032
1032 1092
1092 1154
1154 1216
1216 1276
1276 1338
1338 1398
1398 1460
1460 1522
1522 1578
1578 1640
1640 1700
1700 1762
1762 1822
1822 1884
1884 1946
1946 2006
2006 2068
2068 2128
2128 2190
2190 2252
2252 2310
2310 2372
2372 2432
2432 2494
2494 2554
2554 2616
2616 2678
2678 2738
2738 2800
2800 2860
2860 2922
2922 2984
2984 3040
3040 3102
3102 3162
3162 3224
3224 3284
3284 3346
3346 3408
3408 3468
3468 3530
3530 3590
3590 3652
3652 3714
3714 3770
3770 3832
3832 3892
3892 3954
3954 4014
4014 4076
4076 4138
4138 4198
4198 4260
4260 4320
4320 4382
4382 4444
4444 4500
4500 4562
4562 4622
4622 4684
4684 4744
4744 4806
4806 4868
4868 4928
4928 4990
4990 5050
5050 5112
5112 5174
5174 5232
5232 5294
5294 5354
5354 5416
5416 5476
5476 5538
5538 5600
5600 5660
5660 5722
5722 5782
5782 5844
5844 5906
5906 5962
5962 6024
6024 6084
6084 6146
6146 6206
6206 6268
6268 6330
6330 6390
6390 6452
6452 6512
6512 6574
6574 6636
6636 6692
6692 6754
6754 6814
6814 6876
6876 6936
6936 6998
6998 7060
7060 7120
7120 7182
7182 7242
7242 7304
0 62
62 118
118 180
180 240
240 302
302 362
362 424
424 486
486 546
546 608
608 668
668 730
730 792
792 848
848 910
910 970
970 1032
1032 1092
1092 1154
1154 1216
1216 1276
1276 1338
1338 1398
1398 1460
1460 1522
1522 1578
1578 1640
1640 1700
1700 1762
1762 1822
1822 1884
1884 1946
1946 2006
2006 2068
2068 2128
2128 2190
2190 2252
2252 2310
2310 2372
2372 2432
2432 2494
2494 2554
2554 2616
2616 2678
2678 2738
2738 2800
2800 2860
2860 2922
2922 2984
2984 3040
3040 3102
3102 3162
3162 3224
3224 3284
3284 3346
3346 3408
3408 3468
3468 3530
3530 3590
3590 3652
3652 3714
3714 3770
3770 3832
3832 3892
3892 3954
3954 4014
4014 4076
4076 4138
4138 4198
4198 4260
4260 4320
4320 4382
4382 4444
4444 4500
4500 4562
4562 4622
4622 4684
4684 4744
4744 4806
4806 4868
4868 4928
4928 4990
4990 5050
5050 5112
5112 5174
5174 5232
5232 5294
5294 5354
5354 5416
5416 5476
5476 5538
5538 5600
5600 5660
5660 5722
5722 5782
5782 5844
5844 5906
5906 5962
5962 6024
6024 6084
6084 6146
6146 6206
6206 6268
6268 6330
6330 6390
6390 6452
6452 6512
6512 6574
6574 6636
6636 6692
6692 6754
6754 6814
6814 6876
6876 6936
6936 6998
6998 7060
7060 7120
7120 7182
7182 7242
7242 7304
0 62
62 118
118 180
180 240
240 302
302 362
362 424
424 486
486 546
546 608
608 668
668 730
730 792
792 848
848 910
910 970
970 1032
1032 1092
1092 1154
1154 1216
1216 1276
1276 1338
1338 1398
1398 1460
1460 1522
1522 1578
1578 1640
1640 1700
1700 1762
1762 1822
1822 1884
1884 1946
1946 2006
2006 2068
2068 2128
2128 2190
2190 2252
2252 2310
2310 2372
2372 2432
2432 2494
2494 2554
2554 2616
2616 2678
2678 2738
2738 2800
2800 2860
2860 2922
2922 2984
2984 3040
3040 3102
3102 3162
3162 3224
3224 3284
3284 3346
3346 3408
3408 3468
3468 3530
3530 3590
3590 3652
3652 3714
3714 3770
3770 3832
3832 3892
3892 3954
3954 4014
4014 4076
4076 4138
4138 4198
4198 4260
4260 4320
4320 4382
4382 4444
4444 4500
4500 4562
4562 4622
4622 4684
4684 4744
4744 4806
4806 4868
4868 4928
4928 4990
4990 5050
5050 5112
5112 5174
5174 5232
5232 5294
5294 5354
5354 5416
5416 5476
5476 5538
5538 5600
5600 5660
5660 5722
5722 5782
5782 5844
5844 5906
5906 5962
5962 6024
6024 6084
6084 6146
6146 6206
6206 6268
6268 6330
6330 6390
6390 6452
6452 6512
6512 6574
6574 6636
6636 6692
6692 6754
6754 6814
6814 6876
6876 6936
6936 6998
6998 7060
7060 7120
7120 7182
7182 7242
7242 7304
0 62
62 118
118 180
180 240
240 302
302 362
362 424
424 486
486 546
546 608
608 668
668 730
730 792
792 848
848 910
910 970
970 1032
1032 1092
1092 1154
1154 1216
1216 1276
1276 1338
1338 1398
1398 1460
1460 1522
1522 1578
1578 1640
1640 1700
1700 1762
1762 1822
1822 1884
1884 1946
1946 2006
2006 2068
2068 2128
2128 2190
2190 2252
2252 2310
2310 2372
2372 2432
2432 2494
2494 2554
2554 2616
2616 2678
2678 2738
2738 2800
2800 2860
2860 2922
2922 2984
2984 3040
3040 3102
3102 3162
3162 3224
3224 3284
3284 3346
3346 3408
3408 3468
3468 3530
3530 3590
3590 3652
3652 3714
3714 3770
3770 3832
3832 3892
3892 3954
3954 4014
4014 4076
4076 4138
4138 4198
4198 4260
4260 4320
4320 4382
4382 4444
4444 4500
4500 4562
4562 4622
4622 4684
4684 4744
4744 4806
4806 4868
4868 4928
4928 4990
4990 5050
5050 5112
5112 5174
5174 5232
5232 5294
5294 5354
5354 5416
5416 5476
5476 5538
5538 5600
5600 5660
5660 5722
5722 5782
5782 5844
5844 5906
5906 5962
5962 6024
6024 6084
6084 6146
6146 6206
6206 6268
6268 6330
6330 6390
6390 6452
6452 6512
6512 6574
6574 6636
6636 6692
6692 6754
6754 6814
6814 6876
6876 6936
6936 6998
6998 7060
7060 7120
7120 7182
7182 7242
7242 7304
0 62
62 118
118 180
180 240
240 302
302 362
362 424
424 486
486 546
546 608
608 668
668 730
730 792
792 848
848 910
910 970
970 1032
1032 1092
1092 1154
1154 1216
1216 1276
1276 1338
1338 1398
1398 1460
1460 1522
1522 1578
1578 1640
1640 1700
1700 1762
1762 1822
1822 1884
1884 1946
1946 2006
2006 2068
2068 2128
2128 2190
2190 2252
2252 2310
2310 2372
2372 2432
2432 2494
2494 2554
2554 2616
2616 2678
2678 2738
2738 2800
2800 2860
2860 2922
2922 2984
2984 3040
3040 3102
3102 3162
3162 3224
3224 3284
3284 3346
3346 3408
3408 3468
3468 3530
3530 3590
3590 3652
3652 3714
3714 3770
3770 3832
3832 3892
3892 3954
3954 4014
4014 4076
4076 4138
4138 4198
4198 4260
4260 4320
4320 4382
4382 4444
4444 4500
4500 4562
4562 4622
4622 4684
4684 4744
4744 4806
4806 4868
4868 4928
4928 4990
4990 5050
5050 5112
5112 5174
5174 5232
5232 5294
5294 5354
5354 5416
5416 5476
5476 5538
5538 5600
5600 5660
5660 5722
5722 5782
5782 5844
5844 5906
5906 5962
5962 6024
6024 6084
6084 6146
6146 6206
6206 6268
6268 6330
6330 6390
6390 6452
6452 6512
6512 6574
6574 6636
6636 6692
6692 6754
6754 6814
6814 6876
6876 6936
6936 6998
6998 7060
7060 7120
7120 7182
7182 7242
7242 7304
0 62
62 118
118 180
180 240
240 302
302 362
362 424
424 486
486 546
546 608
608 668
668 730
730 792
792 848
848 910
910 970
970 1032
1032 1092
1092 1154
1154 1216
1216 1276
1276 1338
1338 1398
1398 1460
1460 1522
1522 1578
1578 1640
1640 1700
1700 1762
1762 1822
1822 1884
1884 1946
1946 2006
2006 2068
2068 2128
2128 2190
2190 2252
2252 2310
2310 2372
2372 2432
2432 2494
2494 2554
2554 2616
2616 2678
2678 2738
2738 2800
2800 2860
2860 2922
2922 2984
2984 3040
3040 3102
3102 3162
3162 3224
3224 3284
3284 3346
3346 3408
3408 3468
3468 3530
3530 3590
3590 3652
3652 3714
3714 3770
3770 3832
3832 3892
3892 3954
3954 4014
4014 4076
4076 4138
4138 4198
4198 4260
4260 4320
4320 4382
4382 4444
4444 4500
4500 4562
4562 4622
4622 4684
4684 4744
4744 4806
4806 4868
4868 4928
4928 4990
4990 5050
5050 5112
5112 5174
5174 5232
5232 5294
5294 5354
5354 5416
5416 5476
5476 5538
5538 5600
5600 5660
5660 5722
5722 5782
5782 5844
5844 5906
5906 5962
5962 6024
6024 6084
6084 6146
6146 6206
6206 6268
6268 6330
6330 6390
6390 6452
6452 6512
6512 6574
6574 6636
6636 6692
6692 6754
6754 6814
6814 6876
6876 6936
6936 6998
6998 7060
7060 7120
7120 7182
7182 7242
7242 7304
0 62
62 118
118 180
180 240
240 302
302 362
362 424
424 486
486 546
546 608
608 668
668 730
730 792
792 848
848 910
910 970
970 1032
1032 1092
1092 1154
1154 1216
1216 1276
1276 1338
1338 1398
1398 1460
1460 1522
1522 1578
1578 1640
1640 1700
1700 1762
1762 1822
1822 1884
1884 1946
1946 2006
2006 2068
2068 2128
2128 2190
2190 2252
2252 2310
2310 2372
2372 2432
2432 2494
2494 2554
2554 2616
2616 2678
2678 2738
2738 2800
2800 2860
2860 2922
2922 2984
2984 3040
3040 3102
3102 3162
3162 3224
3224 3284
3284 3346
3346 3408
3408 3468
3468 3530
3530 3590
3590 3652
3652 3714
3714 3770
3770 3832
3832 3892
3892 3954
3954 4014
4014 4076
4076 4138
4138 4198
4198 4260
4260 4320
4320 4382
4382 4444
4444 4500
4500 4562
4562 4622
4622 4684
4684 4744
4744 4806
4806 4868
4868 4928
4928 4990
4990 5050
5050 5112
5112 5174
5174 5232
5232 5294
5294 5354
5354 5416
5416 5476
5476 5538
5538 5600
5600 5660
5660 5722
5722 5782
5782 5844
5844 5906
5906 5962
5962 6024
6024 6084
6084 6146
6146 6206
6206 6268
6268 6330
6330 6390
6390 6452
6452 6512
6512 6574
6574 6636
6636 6692
6692 6754
6754 6814
6814 6876
6876 6936
6936 6998
6998 7060
7060 7120
7120 7182
7182 7242
7242 7304
0 62
62 118
118 180
180 240
240 302
302 362
362 424
424 486
486 546
546 608
608 668
668 730
730 792
792 848
848 910
910 970
970 1032
1032 1092
1092 1154
1154 1216
1216 1276
1276 1338
1338 1398
1398 1460
1460 1522
1522 1578
1578 1640
1640 1700
1700 1762
1762 1822
1822 1884
1884 1946
1946 2006
2006 2068
2068 2128
2128 2190
2190 2252
2252 2310
2310 2372
2372 2432
2432 2494
2494 2554
2554 2616
2616 2678
2678 2738
2738 2800
2800 2860
2860 2922
2922 2984
2984 3040
3040 3102
3102 3162
3162 3224
3224 3284
3284 3346
3346 3408
3408 3468
3468 3530
3530 3590
3590 3652
3652 3714
3714 3770
3770 3832
3832 3892
3892 3954
3954 4014
4014 4076
4076 4138
4138 4198
4198 4260
4260 4320
4320 4382
4382 4444
4444 4500
4500 4562
4562 4622
4622 4684
4684 4744
4744 4806
4806 4868
4868 4928
4928 4990
4990 5050
5050 5112
5112 5174
5174 5232
5232 5294
5294 5354
5354 5416
5416 5476
5476 5538
5538 5600
5600 5660
5660 5722
5722 5782
5782 5844
5844 5906
5906 5962
5962 6024
6024 6084
6084 6146
6146 6206
6206 6268
6268 6330
6330 6390
6390 6452
6452 6512
6512 6574
6574 6636
6636 6692
6692 6754
6754 6814
6814 6876
6876 6936
6936 6998
6998 7060
7060 7120
7120 7182
7182 7242
7242 7304
0 62
62 118
118 180
180 240
240 302
302 362
362 424
424 486
486 546
546 608
608 668
668 730
730 792
792 848
848 910
910 970
970 1032
1032 1092
1092 1154
1154 1216
1216 1276
1276 1338
1338 1398
1398 1460
1460 1522
1522 1578
1578 1640
1640 1700
1700 1762
1762 1822
1822 1884
1884 1946
1946 2006
2006 2068
2068 2128
2128 2190
2190 2252
2252 2310
2310 2372
2372 2432
2432 2494
2494 2554
2554 2616
2616 2678
2678 2738
2738 2800
2800 2860
2860 2922
2922 2984
2984 3040
3040 3102
3102 3162
3162 3224
3224 3284
3284 3346
3346 3408
3408 3468
3468 3530
3530 3590
3590 3652
3652 3714
3714 3770
3770 3832
3832 3892
3892 3954
3954 4014
4014 4076
4076 4138
4138 4198
4198 4260
4260 4320
4320 4382
4382 4444
4444 4500
4500 4562
4562 4622
4622 4684
4684 4744
4744 4806
4806 4868
4868 4928
4928 4990
4990 5050
5050 5112
5112 5174
5174 5232
5232 5294
5294 5354
5354 5416
5416 5476
5476 5538
5538 5600
5600 5660
5660 5722
5722 5782
5782 5844
5844 5906
5906 5962
5962 6024
6024 6084
6084 6146
6146 6206
6206 6268
6268 6330
6330 6390
6390 6452
6452 6512
6512 6574
6574 6636
6636 6692
6692 6754
6754 6814
6814 6876
6876 6936
6936 6998
6998 7060
7060 7120
7120 7182
7182 7242
7242 7304
0 62
62 118
118 180
180 240
240 302
302 362
362 424
424 486
486 546
546 608
608 668
668 730
730 792
792 848
848 910
910 970
970 1032
1032 1092
1092 1154
1154 1216
1216 1276
1276 1338
1338 1398
1398 1460
1460 1522
1522 1578
1578 1640
1640 1700
1700 1762
1762 1822
1822 1884
1884 1946
1946 2006
2006 2068
2068 2128
2128 2190
2190 2252
2252 2310
2310 2372
2372 2432
2432 2494
2494 2554
2554 2616
2616 2678
2678 2738
2738 2800
2800 2860
2860 2922
2922 2984
2984 3040
3040 3102
3102 3162
3162 3224
3224 3284
3284 3346
3346 3408
3408 3468
3468 3530
3530 3590
3590 3652
3652 3714
3714 3770
3770 3832
3832 3892
3892 3954
3954 4014
4014 4076
4076 4138
4138 4198
4198 4260
4260 4320
4320 4382
4382 4444
4444 4500
4500 4562
4562 4622
4622 4684
4684 4744
4744 4806
4806 4868
4868 4928
4928 4990
4990 5050
5050 5112
5112 5174
5174 5232
5232 5294
5294 5354
5354 5416
5416 5476
5476 5538
5538 5600
5600 5660
5660 5722
5722 5782
5782 5844
5844 5906
5906 5962
5962 6024
6024 6084
6084 6146
6146 6206
6206 6268
6268 6330
6330 6390
6390 6452
6452 6512
6512 6574
6574 6636
6636 6692
6692 6754
6754 6814
6814 6876
6876 6936
6936 6998
6998 7060
7060 7120
7120 7182
7182 7242
7242 7304
0 62
62 118
118 180
180 240
240 302
302 362
362 424
424 486
486 546
546 608
608 668
668 730
730 792
792 848
848 910
910 970
970 1032
1032 1092
1092 1154
1154 1216
1216 1276
1276 1338
1338 1398
1398 1460
1460 1522
1522 1578
1578 1640
1640 1700
1700 1762
1762 1822
1822 1884
1884 1946
1946 2006
2006 2068
2068 2128
2128 2190
2190 2252
2252 2310
2310 2372
2372 2432
2432 2494
2494 2554
2554 2616
2616 2678
2678 2738
2738 2800
2800 2860
2860 2922
2922 2984
2984 3040
3040 3102
3102 3162
3162 3224
3224 3284
3284 3346
3346 3408
3408 3468
3468 3530
3530 3590
3590 3652
3652 3714
3714 3770
3770 3832
3832 3892
3892 3954
3954 4014
4014 4076
4076 4138
4138 4198
4198 4260
4260 4320
4320 4382
4382 4444
4444 4500
4500 4562
4562 4622
4622 4684
4684 4744
4744 4806
4806 4868
4868 4928
4928 4990
4990 5050
5050 5112
5112 5174
5174 5232
5232 5294
5294 5354
5354 5416
5416 5476
5476 5538
5538 5600
5600 5660
5660 5722
5722 5782
5782 5844
5844 5906
5906 5962
5962 6024
6024 6084
6084 6146
6146 6206
6206 6268
6268 6330
6330 6390
6390 6452
6452 6512
6512 6574
6574 6636
6636 6692
6692 6754
6754 6814
6814 6876
6876 6936
6936 6998
6998 7060
7060 7120
7120 7182
7182 7242
7242 7304
